9.999986495075922077e-01 1.643466760169806336e-03 0.000000000000000000e+00 -8.000000000000000000e+00 -1.643466760169806336e-03 9.999986495075922077e-01 0.000000000000000000e+00 5.000000000000000000e+00 0.000000000000000000e+00 0.000000000000000000e+00 1.000000000000000000e+00 0.000000000000000000e+00
9.975120325694674106e-01 -7.049641749145646452e-02 0.000000000000000000e+00 -7.987001000000000239e+00 7.049641749145646452e-02 9.975120325694674106e-01 0.000000000000000000e+00 4.605635000000000367e+00 0.000000000000000000e+00 0.000000000000000000e+00 1.000000000000000000e+00 0.000000000000000000e+00
9.906887025187726126e-01 -1.361465926921082426e-01 0.000000000000000000e+00 -7.941538300000000383e+00 1.361465926921082426e-01 9.906887025187726126e-01 0.000000000000000000e+00 4.212373000000000367e+00 0.000000000000000000e+00 0.000000000000000000e+00 1.000000000000000000e+00 0.000000000000000000e+00
9.722663803970434948e-01 -2.338762184353756768e-01 0.000000000000000000e+00 -7.822052000000000227e+00 2.338762184353756768e-01 9.722663803970434948e-01 0.000000000000000000e+00 3.885098199999999835e+00 0.000000000000000000e+00 0.000000000000000000e+00 1.000000000000000000e+00 0.000000000000000000e+00
9.525295104824433867e-01 -3.044462705635869182e-01 0.000000000000000000e+00 -7.658571199999999912e+00 3.044462705635869182e-01 9.525295104824433867e-01 0.000000000000000000e+00 3.566005200000000208e+00 0.000000000000000000e+00 0.000000000000000000e+00 1.000000000000000000e+00 0.000000000000000000e+00
9.229837381935133145e-01 -3.848389520699899702e-01 0.000000000000000000e+00 -7.516463299999999848e+00 3.848389520699899702e-01 9.229837381935133145e-01 0.000000000000000000e+00 3.091439700000000013e+00 0.000000000000000000e+00 0.000000000000000000e+00 1.000000000000000000e+00 0.000000000000000000e+00
9.511109643349143772e-01 -3.088493702792822759e-01 0.000000000000000000e+00 -7.171170700000000231e+00 3.088493702792822759e-01 9.511109643349143772e-01 0.000000000000000000e+00 2.650930600000000137e+00 0.000000000000000000e+00 0.000000000000000000e+00 1.000000000000000000e+00 0.000000000000000000e+00
9.718414225687982411e-01 -2.356358406088820967e-01 0.000000000000000000e+00 -6.967430600000000140e+00 2.356358406088820967e-01 9.718414225687982411e-01 0.000000000000000000e+00 2.198919000000000068e+00 0.000000000000000000e+00 0.000000000000000000e+00 1.000000000000000000e+00 0.000000000000000000e+00
9.575514296595987185e-01 -2.882624837831982978e-01 0.000000000000000000e+00 -6.787915700000000108e+00 2.882624837831982978e-01 9.575514296595987185e-01 0.000000000000000000e+00 1.796213599999999966e+00 0.000000000000000000e+00 0.000000000000000000e+00 1.000000000000000000e+00 0.000000000000000000e+00
9.504164576374903861e-01 -3.109799946167028928e-01 0.000000000000000000e+00 -6.659543000000000212e+00 3.109799946167028928e-01 9.504164576374903861e-01 0.000000000000000000e+00 1.302585799999999905e+00 0.000000000000000000e+00 0.000000000000000000e+00 1.000000000000000000e+00 0.000000000000000000e+00
9.584677219069023257e-01 -2.852010274571131765e-01 0.000000000000000000e+00 -6.402055999999999969e+00 2.852010274571131765e-01 9.584677219069023257e-01 0.000000000000000000e+00 8.963596999999999815e-01 0.000000000000000000e+00 0.000000000000000000e+00 1.000000000000000000e+00 0.000000000000000000e+00
9.971353455044894565e-01 -7.563797158598566106e-02 0.000000000000000000e+00 -6.328397999999999968e+00 7.563797158598566106e-02 9.971353455044894565e-01 0.000000000000000000e+00 4.994526499999999980e-01 0.000000000000000000e+00 0.000000000000000000e+00 1.000000000000000000e+00 0.000000000000000000e+00
9.995341731132207919e-01 -3.051944919014840801e-02 0.000000000000000000e+00 -6.184906999999999933e+00 3.051944919014840801e-02 9.995341731132207919e-01 0.000000000000000000e+00 8.071346599999999760e-02 0.000000000000000000e+00 0.000000000000000000e+00 1.000000000000000000e+00 0.000000000000000000e+00
9.996213914580228677e-01 2.751497300609478600e-02 0.000000000000000000e+00 -6.288406400000000396e+00 -2.751497300609478600e-02 9.996213914580228677e-01 0.000000000000000000e+00 -4.825188499999999991e-01 0.000000000000000000e+00 0.000000000000000000e+00 1.000000000000000000e+00 0.000000000000000000e+00
9.992915085175730905e-01 -3.763616617926428265e-02 0.000000000000000000e+00 -6.125520700000000041e+00 3.763616617926428265e-02 9.992915085175730905e-01 0.000000000000000000e+00 -7.995679999999999454e-01 0.000000000000000000e+00 0.000000000000000000e+00 1.000000000000000000e+00 0.000000000000000000e+00
9.999765056694301935e-01 6.854787316615764195e-03 0.000000000000000000e+00 -6.121679999999999566e+00 -6.854787316615764195e-03 9.999765056694301935e-01 0.000000000000000000e+00 -1.312712199999999996e+00 0.000000000000000000e+00 0.000000000000000000e+00 1.000000000000000000e+00 0.000000000000000000e+00
9.980334590446005016e-01 -6.268344779500990838e-02 0.000000000000000000e+00 -6.209712500000000190e+00 6.268344779500990838e-02 9.980334590446005016e-01 0.000000000000000000e+00 -1.613794299999999904e+00 0.000000000000000000e+00 0.000000000000000000e+00 1.000000000000000000e+00 0.000000000000000000e+00
9.967617570373220603e-01 -8.041144015543109924e-02 0.000000000000000000e+00 -6.070391700000000057e+00 8.041144015543109924e-02 9.967617570373220603e-01 0.000000000000000000e+00 -2.202418600000000115e+00 0.000000000000000000e+00 0.000000000000000000e+00 1.000000000000000000e+00 0.000000000000000000e+00
9.999979661440051570e-01 2.016855932667377914e-03 0.000000000000000000e+00 -6.158057699999999635e+00 -2.016855932667377914e-03 9.999979661440051570e-01 0.000000000000000000e+00 -2.653548199999999913e+00 0.000000000000000000e+00 0.000000000000000000e+00 1.000000000000000000e+00 0.000000000000000000e+00
9.993797145467462339e-01 -3.521627681149763767e-02 0.000000000000000000e+00 -5.996608700000000347e+00 3.521627681149763767e-02 9.993797145467462339e-01 0.000000000000000000e+00 -2.960886499999999977e+00 0.000000000000000000e+00 0.000000000000000000e+00 1.000000000000000000e+00 0.000000000000000000e+00
9.809240062453222775e-01 -1.943915995397613450e-01 0.000000000000000000e+00 -6.157092600000000360e+00 1.943915995397613450e-01 9.809240062453222775e-01 0.000000000000000000e+00 -2.948271300000000039e+00 0.000000000000000000e+00 0.000000000000000000e+00 1.000000000000000000e+00 0.000000000000000000e+00
9.430238253059586295e-01 -3.327252093023864155e-01 0.000000000000000000e+00 -5.983768500000000046e+00 3.327252093023864155e-01 9.430238253059586295e-01 0.000000000000000000e+00 -3.182921400000000123e+00 0.000000000000000000e+00 0.000000000000000000e+00 1.000000000000000000e+00 0.000000000000000000e+00
8.828511027686947177e-01 -4.696529892804895967e-01 0.000000000000000000e+00 -5.707169999999999632e+00 4.696529892804895967e-01 8.828511027686947177e-01 0.000000000000000000e+00 -3.591145299999999985e+00 0.000000000000000000e+00 0.000000000000000000e+00 1.000000000000000000e+00 0.000000000000000000e+00
7.376502124428510054e-01 -6.751830596830882270e-01 0.000000000000000000e+00 -5.413307699999999834e+00 6.751830596830882270e-01 7.376502124428510054e-01 0.000000000000000000e+00 -3.878728199999999848e+00 0.000000000000000000e+00 0.000000000000000000e+00 1.000000000000000000e+00 0.000000000000000000e+00
5.827937532624466455e-01 -8.126201087582503035e-01 0.000000000000000000e+00 -5.108339299999999916e+00 8.126201087582503035e-01 5.827937532624466455e-01 0.000000000000000000e+00 -4.181657999999999653e+00 0.000000000000000000e+00 0.000000000000000000e+00 1.000000000000000000e+00 0.000000000000000000e+00
4.402270477211346900e-01 -8.978864886246668009e-01 0.000000000000000000e+00 -4.751868199999999653e+00 8.978864886246668009e-01 4.402270477211346900e-01 0.000000000000000000e+00 -4.287331000000000003e+00 0.000000000000000000e+00 0.000000000000000000e+00 1.000000000000000000e+00 0.000000000000000000e+00
2.667167167871484224e-01 -9.637749700974206357e-01 0.000000000000000000e+00 -4.441358600000000045e+00 9.637749700974206357e-01 2.667167167871484224e-01 0.000000000000000000e+00 -4.246084699999999934e+00 0.000000000000000000e+00 0.000000000000000000e+00 1.000000000000000000e+00 0.000000000000000000e+00
8.290436306627965712e-02 -9.965575079164145089e-01 0.000000000000000000e+00 -4.212039500000000380e+00 9.965575079164145089e-01 8.290436306627965712e-02 0.000000000000000000e+00 -4.263414000000000037e+00 0.000000000000000000e+00 0.000000000000000000e+00 1.000000000000000000e+00 0.000000000000000000e+00
-2.359587638947865385e-01 -9.717630687267572176e-01 0.000000000000000000e+00 -3.822252799999999784e+00 9.717630687267572176e-01 -2.359587638947865385e-01 0.000000000000000000e+00 -4.220589600000000274e+00 0.000000000000000000e+00 0.000000000000000000e+00 1.000000000000000000e+00 0.000000000000000000e+00
-4.327473833214094956e-01 -9.015152257330283359e-01 0.000000000000000000e+00 -3.316912700000000047e+00 9.015152257330283359e-01 -4.327473833214094956e-01 0.000000000000000000e+00 -4.112550999999999846e+00 0.000000000000000000e+00 0.000000000000000000e+00 1.000000000000000000e+00 0.000000000000000000e+00
5.271256144939098220e-01 8.497873772564628059e-01 0.000000000000000000e+00 -3.019717200000000101e+00 -8.497873772564628059e-01 5.271256144939098220e-01 0.000000000000000000e+00 -3.940634499999999818e+00 0.000000000000000000e+00 0.000000000000000000e+00 1.000000000000000000e+00 0.000000000000000000e+00
6.311550736479175638e-01 7.756566721227192707e-01 0.000000000000000000e+00 -2.583984000000000059e+00 -7.756566721227192707e-01 6.311550736479175638e-01 0.000000000000000000e+00 -3.586796500000000165e+00 0.000000000000000000e+00 0.000000000000000000e+00 1.000000000000000000e+00 0.000000000000000000e+00
6.747153916520097772e-01 7.380780041891744636e-01 0.000000000000000000e+00 -2.256753400000000020e+00 -7.380780041891744636e-01 6.747153916520097772e-01 0.000000000000000000e+00 -3.300196999999999825e+00 0.000000000000000000e+00 0.000000000000000000e+00 1.000000000000000000e+00 0.000000000000000000e+00
8.360217409312555858e-01 5.486963173653278680e-01 0.000000000000000000e+00 -1.998177400000000103e+00 -5.486963173653278680e-01 8.360217409312555858e-01 0.000000000000000000e+00 -3.190864599999999829e+00 0.000000000000000000e+00 0.000000000000000000e+00 1.000000000000000000e+00 0.000000000000000000e+00
9.368187378020029765e-01 3.498151690579784368e-01 0.000000000000000000e+00 -1.921532299999999971e+00 -3.498151690579784368e-01 9.368187378020029765e-01 0.000000000000000000e+00 -2.699414700000000167e+00 0.000000000000000000e+00 0.000000000000000000e+00 1.000000000000000000e+00 0.000000000000000000e+00
9.774353444395518231e-01 2.112348158811293009e-01 0.000000000000000000e+00 -1.799098599999999992e+00 -2.112348158811293009e-01 9.774353444395518231e-01 0.000000000000000000e+00 -2.198172299999999968e+00 0.000000000000000000e+00 0.000000000000000000e+00 1.000000000000000000e+00 0.000000000000000000e+00
9.985781277301380987e-01 5.330781198822556050e-02 0.000000000000000000e+00 -1.858076000000000061e+00 -5.330781198822556050e-02 9.985781277301380987e-01 0.000000000000000000e+00 -1.786171799999999976e+00 0.000000000000000000e+00 0.000000000000000000e+00 1.000000000000000000e+00 0.000000000000000000e+00
9.926615978356587711e-01 -1.209253992441491482e-01 0.000000000000000000e+00 -1.701537599999999983e+00 1.209253992441491482e-01 9.926615978356587711e-01 0.000000000000000000e+00 -1.319344999999999990e+00 0.000000000000000000e+00 0.000000000000000000e+00 1.000000000000000000e+00 0.000000000000000000e+00
9.918804131139861147e-01 -1.271740778650596593e-01 0.000000000000000000e+00 -1.603559500000000027e+00 1.271740778650596593e-01 9.918804131139861147e-01 0.000000000000000000e+00 -8.719850999999999575e-01 0.000000000000000000e+00 0.000000000000000000e+00 1.000000000000000000e+00 0.000000000000000000e+00
9.876811784096135582e-01 -1.564796786020376806e-01 0.000000000000000000e+00 -1.594146599999999969e+00 1.564796786020376806e-01 9.876811784096135582e-01 0.000000000000000000e+00 -2.786601200000000111e-01 0.000000000000000000e+00 0.000000000000000000e+00 1.000000000000000000e+00 0.000000000000000000e+00
-9.886019348633410253e-01 1.505530284798630991e-01 0.000000000000000000e+00 -1.572728399999999915e+00 -1.505530284798630991e-01 -9.886019348633410253e-01 0.000000000000000000e+00 -4.450015999999999972e-01 0.000000000000000000e+00 0.000000000000000000e+00 1.000000000000000000e+00 0.000000000000000000e+00
9.480149794965813115e-01 -3.182257039431236612e-01 0.000000000000000000e+00 -1.778896100000000091e+00 3.182257039431236612e-01 9.480149794965813115e-01 0.000000000000000000e+00 2.902830800000000266e-01 0.000000000000000000e+00 0.000000000000000000e+00 1.000000000000000000e+00 0.000000000000000000e+00
8.752137048584375245e-01 -4.837364683667831899e-01 0.000000000000000000e+00 -1.952855999999999925e+00 4.837364683667831899e-01 8.752137048584375245e-01 0.000000000000000000e+00 7.117198999999999609e-01 0.000000000000000000e+00 0.000000000000000000e+00 1.000000000000000000e+00 0.000000000000000000e+00
8.308939934908701197e-01 -5.564307428429829949e-01 0.000000000000000000e+00 -2.094420700000000135e+00 5.564307428429829949e-01 8.308939934908701197e-01 0.000000000000000000e+00 1.278629000000000016e+00 0.000000000000000000e+00 0.000000000000000000e+00 1.000000000000000000e+00 0.000000000000000000e+00
7.796486285958738049e-01 -6.262172274287679530e-01 0.000000000000000000e+00 -2.290591000000000044e+00 6.262172274287679530e-01 7.796486285958738049e-01 0.000000000000000000e+00 1.808745100000000106e+00 0.000000000000000000e+00 0.000000000000000000e+00 1.000000000000000000e+00 0.000000000000000000e+00
7.550028852548362757e-01 -6.557214677413516490e-01 0.000000000000000000e+00 -2.637847400000000064e+00 6.557214677413516490e-01 7.550028852548362757e-01 0.000000000000000000e+00 2.164711699999999794e+00 0.000000000000000000e+00 0.000000000000000000e+00 1.000000000000000000e+00 0.000000000000000000e+00
7.519973757635656231e-01 -6.591660995869785822e-01 0.000000000000000000e+00 -2.901196000000000108e+00 6.591660995869785822e-01 7.519973757635656231e-01 0.000000000000000000e+00 2.456319300000000094e+00 0.000000000000000000e+00 0.000000000000000000e+00 1.000000000000000000e+00 0.000000000000000000e+00
6.911866008478911860e-01 -7.226763333667002298e-01 0.000000000000000000e+00 -3.077067599999999903e+00 7.226763333667002298e-01 6.911866008478911860e-01 0.000000000000000000e+00 3.060366000000000142e+00 0.000000000000000000e+00 0.000000000000000000e+00 1.000000000000000000e+00 0.000000000000000000e+00
6.242874094027416332e-01 -7.811947455412213692e-01 0.000000000000000000e+00 -3.436042800000000064e+00 7.811947455412213692e-01 6.242874094027416332e-01 0.000000000000000000e+00 3.388338000000000072e+00 0.000000000000000000e+00 0.000000000000000000e+00 1.000000000000000000e+00 0.000000000000000000e+00
6.354205383804695240e-01 -7.721662640936045596e-01 0.000000000000000000e+00 -3.850724699999999778e+00 7.721662640936045596e-01 6.354205383804695240e-01 0.000000000000000000e+00 3.819711400000000090e+00 0.000000000000000000e+00 0.000000000000000000e+00 1.000000000000000000e+00 0.000000000000000000e+00
6.078387844126816875e-01 -7.940604587584709773e-01 0.000000000000000000e+00 -4.114462399999999853e+00 7.940604587584709773e-01 6.078387844126816875e-01 0.000000000000000000e+00 4.207798000000000371e+00 0.000000000000000000e+00 0.000000000000000000e+00 1.000000000000000000e+00 0.000000000000000000e+00
6.677362084453921653e-01 -7.443979822184983997e-01 0.000000000000000000e+00 -4.525381000000000320e+00 7.443979822184983997e-01 6.677362084453921653e-01 0.000000000000000000e+00 4.469833000000000389e+00 0.000000000000000000e+00 0.000000000000000000e+00 1.000000000000000000e+00 0.000000000000000000e+00
5.572119627622357241e-01 -8.303702960454791837e-01 0.000000000000000000e+00 -4.820490399999999731e+00 8.303702960454791837e-01 5.572119627622357241e-01 0.000000000000000000e+00 4.860147999999999691e+00 0.000000000000000000e+00 0.000000000000000000e+00 1.000000000000000000e+00 0.000000000000000000e+00
5.696728288321000200e-01 -8.218715642303442426e-01 0.000000000000000000e+00 -4.945939000000000085e+00 8.218715642303442426e-01 5.696728288321000200e-01 0.000000000000000000e+00 5.145573599999999637e+00 0.000000000000000000e+00 0.000000000000000000e+00 1.000000000000000000e+00 0.000000000000000000e+00
5.348982526834890061e-01 -8.449164806512833303e-01 0.000000000000000000e+00 -5.319672599999999640e+00 8.449164806512833303e-01 5.348982526834890061e-01 0.000000000000000000e+00 5.326959000000000444e+00 0.000000000000000000e+00 0.000000000000000000e+00 1.000000000000000000e+00 0.000000000000000000e+00
5.271206796171113984e-01 -8.497904383552421503e-01 0.000000000000000000e+00 -5.613311000000000384e+00 8.497904383552421503e-01 5.271206796171113984e-01 0.000000000000000000e+00 5.827327000000000368e+00 0.000000000000000000e+00 0.000000000000000000e+00 1.000000000000000000e+00 0.000000000000000000e+00
5.090186648740153696e-01 -8.607554814288869149e-01 0.000000000000000000e+00 -6.085703399999999874e+00 8.607554814288869149e-01 5.090186648740153696e-01 0.000000000000000000e+00 6.215460000000000207e+00 0.000000000000000000e+00 0.000000000000000000e+00 1.000000000000000000e+00 0.000000000000000000e+00
5.266063749526782578e-01 -8.501092434853294577e-01 0.000000000000000000e+00 -6.451293999999999862e+00 8.501092434853294577e-01 5.266063749526782578e-01 0.000000000000000000e+00 6.391732700000000378e+00 0.000000000000000000e+00 0.000000000000000000e+00 1.000000000000000000e+00 0.000000000000000000e+00
2.638377894861244632e-01 -9.645670639406445090e-01 0.000000000000000000e+00 -6.910825700000000182e+00 9.645670639406445090e-01 2.638377894861244632e-01 0.000000000000000000e+00 6.723563999999999652e+00 0.000000000000000000e+00 0.000000000000000000e+00 1.000000000000000000e+00 0.000000000000000000e+00
2.886255853321346709e-01 -9.574420460224642992e-01 0.000000000000000000e+00 -7.272655999999999565e+00 9.574420460224642992e-01 2.886255853321346709e-01 0.000000000000000000e+00 6.913178399999999613e+00 0.000000000000000000e+00 0.000000000000000000e+00 1.000000000000000000e+00 0.000000000000000000e+00
9.410530305270502494e-01 3.382590630505775131e-01 0.000000000000000000e+00 -7.190279499999999935e+00 -3.382590630505775131e-01 9.410530305270502494e-01 0.000000000000000000e+00 6.823035199999999634e+00 0.000000000000000000e+00 0.000000000000000000e+00 1.000000000000000000e+00 0.000000000000000000e+00
6.321933241487434629e-02 -9.979996573190882403e-01 0.000000000000000000e+00 -7.596578000000000053e+00 9.979996573190882403e-01 6.321933241487434629e-02 0.000000000000000000e+00 6.884085999999999927e+00 0.000000000000000000e+00 0.000000000000000000e+00 1.000000000000000000e+00 0.000000000000000000e+00
-1.430404522300512127e-01 -9.897168428524506512e-01 0.000000000000000000e+00 -7.960402000000000200e+00 9.897168428524506512e-01 -1.430404522300512127e-01 0.000000000000000000e+00 6.995403300000000435e+00 0.000000000000000000e+00 0.000000000000000000e+00 1.000000000000000000e+00 0.000000000000000000e+00
-3.320848292695804949e-01 -9.432495248708019364e-01 0.000000000000000000e+00 -8.466753999999999891e+00 9.432495248708019364e-01 -3.320848292695804949e-01 0.000000000000000000e+00 6.995186300000000301e+00 0.000000000000000000e+00 0.000000000000000000e+00 1.000000000000000000e+00 0.000000000000000000e+00
-5.867800403131163689e-01 -8.097463703469979235e-01 0.000000000000000000e+00 -8.887226999999999322e+00 8.097463703469979235e-01 -5.867800403131163689e-01 0.000000000000000000e+00 6.786763999999999797e+00 0.000000000000000000e+00 0.000000000000000000e+00 1.000000000000000000e+00 0.000000000000000000e+00
-7.636917210221790819e-01 -6.455810988885767321e-01 0.000000000000000000e+00 -9.136411000000000726e+00 6.455810988885767321e-01 -7.636917210221790819e-01 0.000000000000000000e+00 6.397795000000000343e+00 0.000000000000000000e+00 0.000000000000000000e+00 1.000000000000000000e+00 0.000000000000000000e+00
-8.579761491096374870e-01 -5.136895244785483206e-01 0.000000000000000000e+00 -9.550117999999999441e+00 5.136895244785483206e-01 -8.579761491096374870e-01 0.000000000000000000e+00 5.960225600000000235e+00 0.000000000000000000e+00 0.000000000000000000e+00 1.000000000000000000e+00 0.000000000000000000e+00
-9.625457925769411727e-01 -2.711191568156485210e-01 0.000000000000000000e+00 -9.764189999999999259e+00 2.711191568156485210e-01 -9.625457925769411727e-01 0.000000000000000000e+00 5.518061000000000327e+00 0.000000000000000000e+00 0.000000000000000000e+00 1.000000000000000000e+00 0.000000000000000000e+00
-9.941723348290569806e-01 1.078024520154412247e-01 0.000000000000000000e+00 -9.625253999999999976e+00 -1.078024520154412247e-01 -9.941723348290569806e-01 0.000000000000000000e+00 5.236654299999999651e+00 0.000000000000000000e+00 0.000000000000000000e+00 1.000000000000000000e+00 0.000000000000000000e+00
-8.579545183319828849e-01 5.137256509789395187e-01 0.000000000000000000e+00 -9.376507999999999399e+00 -5.137256509789395187e-01 -8.579545183319828849e-01 0.000000000000000000e+00 4.860910999999999760e+00 0.000000000000000000e+00 0.000000000000000000e+00 1.000000000000000000e+00 0.000000000000000000e+00
5.228210855591371997e-01 -8.524424394026645091e-01 0.000000000000000000e+00 -9.136006999999999323e+00 8.524424394026645091e-01 5.228210855591371997e-01 0.000000000000000000e+00 4.512337699999999785e+00 0.000000000000000000e+00 0.000000000000000000e+00 1.000000000000000000e+00 0.000000000000000000e+00
1.513130863453673036e-01 -9.884858875576522097e-01 0.000000000000000000e+00 -8.458092000000000610e+00 9.884858875576522097e-01 1.513130863453673036e-01 0.000000000000000000e+00 4.371305999999999692e+00 0.000000000000000000e+00 0.000000000000000000e+00 1.000000000000000000e+00 0.000000000000000000e+00
-3.635768806727371349e-01 -9.315641963065574016e-01 0.000000000000000000e+00 -8.000206999999999624e+00 9.315641963065574016e-01 -3.635768806727371349e-01 0.000000000000000000e+00 4.517117500000000341e+00 0.000000000000000000e+00 0.000000000000000000e+00 1.000000000000000000e+00 0.000000000000000000e+00
-7.543403927866454417e-01 -6.564834893662516713e-01 0.000000000000000000e+00 -7.479330000000000034e+00 6.564834893662516713e-01 -7.543403927866454417e-01 0.000000000000000000e+00 4.639778599999999642e+00 0.000000000000000000e+00 0.000000000000000000e+00 1.000000000000000000e+00 0.000000000000000000e+00
-9.751889511121908383e-01 -2.213741394759220493e-01 0.000000000000000000e+00 -7.284939299999999562e+00 2.213741394759220493e-01 -9.751889511121908383e-01 0.000000000000000000e+00 5.003257800000000088e+00 0.000000000000000000e+00 0.000000000000000000e+00 1.000000000000000000e+00 0.000000000000000000e+00
-9.276339778926918633e-01 3.734905662248790836e-01 0.000000000000000000e+00 -7.230940999999999619e+00 -3.734905662248790836e-01 -9.276339778926918633e-01 0.000000000000000000e+00 5.563656299999999888e+00 0.000000000000000000e+00 0.000000000000000000e+00 1.000000000000000000e+00 0.000000000000000000e+00
-6.317396667634210816e-01 7.751806198800649250e-01 0.000000000000000000e+00 -7.311170999999999864e+00 -7.751806198800649250e-01 -6.317396667634210816e-01 0.000000000000000000e+00 5.960448000000000413e+00 0.000000000000000000e+00 0.000000000000000000e+00 1.000000000000000000e+00 0.000000000000000000e+00
1.009559432302151311e-01 9.948908972980391452e-01 0.000000000000000000e+00 -7.668726000000000376e+00 -9.948908972980391452e-01 1.009559432302151311e-01 0.000000000000000000e+00 6.182128399999999857e+00 0.000000000000000000e+00 0.000000000000000000e+00 1.000000000000000000e+00 0.000000000000000000e+00
5.949985035377428622e-01 8.037268073094530063e-01 0.000000000000000000e+00 -8.051019000000000148e+00 -8.037268073094530063e-01 5.949985035377428622e-01 0.000000000000000000e+00 6.204072000000000031e+00 0.000000000000000000e+00 0.000000000000000000e+00 1.000000000000000000e+00 0.000000000000000000e+00
8.698532570305564926e-01 4.933105626614259220e-01 0.000000000000000000e+00 -8.246299999999999741e+00 -4.933105626614259220e-01 8.698532570305564926e-01 0.000000000000000000e+00 5.923540000000000028e+00 0.000000000000000000e+00 0.000000000000000000e+00 1.000000000000000000e+00 0.000000000000000000e+00
9.999907008110962003e-01 4.312573632137987022e-03 0.000000000000000000e+00 -8.198575999999999198e+00 -4.312573632137987022e-03 9.999907008110962003e-01 0.000000000000000000e+00 5.949771400000000376e+00 0.000000000000000000e+00 0.000000000000000000e+00 1.000000000000000000e+00 0.000000000000000000e+00
9.997871240165024931e-01 2.063265980940647004e-02 0.000000000000000000e+00 -8.201003999999999294e+00 -2.063265980940647004e-02 9.997871240165024931e-01 0.000000000000000000e+00 5.443421999999999983e+00 0.000000000000000000e+00 0.000000000000000000e+00 1.000000000000000000e+00 0.000000000000000000e+00
9.908319573947259595e-01 -1.351000821810849628e-01 0.000000000000000000e+00 -8.242264999999999731e+00 1.351000821810849628e-01 9.908319573947259595e-01 0.000000000000000000e+00 4.927630399999999966e+00 0.000000000000000000e+00 0.000000000000000000e+00 1.000000000000000000e+00 0.000000000000000000e+00
9.632621927695748099e-01 -2.685627449605594297e-01 0.000000000000000000e+00 -8.127319999999999212e+00 2.685627449605594297e-01 9.632621927695748099e-01 0.000000000000000000e+00 4.428156399999999771e+00 0.000000000000000000e+00 0.000000000000000000e+00 1.000000000000000000e+00 0.000000000000000000e+00
9.518670245073073133e-01 -3.065112847116809869e-01 0.000000000000000000e+00 -8.015268000000000725e+00 3.065112847116809869e-01 9.518670245073073133e-01 0.000000000000000000e+00 4.029445599999999850e+00 0.000000000000000000e+00 0.000000000000000000e+00 1.000000000000000000e+00 0.000000000000000000e+00
9.115040860243615040e-01 -4.112910176029783704e-01 0.000000000000000000e+00 -7.780444600000000044e+00 4.112910176029783704e-01 9.115040860243615040e-01 0.000000000000000000e+00 3.482375100000000057e+00 0.000000000000000000e+00 0.000000000000000000e+00 1.000000000000000000e+00 0.000000000000000000e+00
9.510603156981416451e-01 -3.090053007703122967e-01 0.000000000000000000e+00 -7.471152299999999968e+00 3.090053007703122967e-01 9.510603156981416451e-01 0.000000000000000000e+00 2.922807199999999828e+00 0.000000000000000000e+00 0.000000000000000000e+00 1.000000000000000000e+00 0.000000000000000000e+00
9.566738679507538201e-01 -2.911616567821794788e-01 0.000000000000000000e+00 -7.176091699999999740e+00 2.911616567821794788e-01 9.566738679507538201e-01 0.000000000000000000e+00 2.288131200000000032e+00 0.000000000000000000e+00 0.000000000000000000e+00 1.000000000000000000e+00 0.000000000000000000e+00
9.576328256008901363e-01 -2.879919640053436591e-01 0.000000000000000000e+00 -7.021996999999999822e+00 2.879919640053436591e-01 9.576328256008901363e-01 0.000000000000000000e+00 1.882922999999999902e+00 0.000000000000000000e+00 0.000000000000000000e+00 1.000000000000000000e+00 0.000000000000000000e+00
9.242208819533470621e-01 -3.818583001080077532e-01 0.000000000000000000e+00 -6.819736999999999938e+00 3.818583001080077532e-01 9.242208819533470621e-01 0.000000000000000000e+00 1.362444900000000070e+00 0.000000000000000000e+00 0.000000000000000000e+00 1.000000000000000000e+00 0.000000000000000000e+00
9.586606487879266725e-01 -2.845518590090591604e-01 0.000000000000000000e+00 -6.580156999999999812e+00 2.845518590090591604e-01 9.586606487879266725e-01 0.000000000000000000e+00 7.905074399999999502e-01 0.000000000000000000e+00 0.000000000000000000e+00 1.000000000000000000e+00 0.000000000000000000e+00
9.932772247908283614e-01 -1.157599011395147037e-01 0.000000000000000000e+00 -6.392242000000000424e+00 1.157599011395147037e-01 9.932772247908283614e-01 0.000000000000000000e+00 3.796630999999999756e-01 0.000000000000000000e+00 0.000000000000000000e+00 1.000000000000000000e+00 0.000000000000000000e+00
9.995024901748160717e-01 -3.154000847085679932e-02 0.000000000000000000e+00 -6.377475699999999748e+00 3.154000847085679932e-02 9.995024901748160717e-01 0.000000000000000000e+00 -1.758499400000000101e-01 0.000000000000000000e+00 0.000000000000000000e+00 1.000000000000000000e+00 0.000000000000000000e+00
9.969573835787032268e-01 -7.794854282092991693e-02 0.000000000000000000e+00 -6.333230999999999611e+00 7.794854282092991693e-02 9.969573835787032268e-01 0.000000000000000000e+00 -6.129341000000000372e-01 0.000000000000000000e+00 0.000000000000000000e+00 1.000000000000000000e+00 0.000000000000000000e+00
9.993279707077946661e-01 -3.665524465940739329e-02 0.000000000000000000e+00 -6.307781699999999603e+00 3.665524465940739329e-02 9.993279707077946661e-01 0.000000000000000000e+00 -1.255254300000000045e+00 0.000000000000000000e+00 0.000000000000000000e+00 1.000000000000000000e+00 0.000000000000000000e+00
9.886440049113567330e-01 -1.502765169706606063e-01 0.000000000000000000e+00 -6.479220399999999991e+00 1.502765169706606063e-01 9.886440049113567330e-01 0.000000000000000000e+00 -1.768709400000000098e+00 0.000000000000000000e+00 0.000000000000000000e+00 1.000000000000000000e+00 0.000000000000000000e+00
9.980184013753956584e-01 -6.292273449318334932e-02 0.000000000000000000e+00 -6.369152999999999842e+00 6.292273449318334932e-02 9.980184013753956584e-01 0.000000000000000000e+00 -2.276012199999999819e+00 0.000000000000000000e+00 0.000000000000000000e+00 1.000000000000000000e+00 0.000000000000000000e+00
9.899471776977493143e-01 1.414375670331639023e-01 0.000000000000000000e+00 -6.291784999999999961e+00 -1.414375670331639023e-01 9.899471776977493143e-01 0.000000000000000000e+00 -2.816023599999999849e+00 0.000000000000000000e+00 0.000000000000000000e+00 1.000000000000000000e+00 0.000000000000000000e+00
9.999974008848012685e-01 2.279961324703902274e-03 0.000000000000000000e+00 -6.360270500000000382e+00 -2.279961324703902274e-03 9.999974008848012685e-01 0.000000000000000000e+00 -3.504824199999999834e+00 0.000000000000000000e+00 0.000000000000000000e+00 1.000000000000000000e+00 0.000000000000000000e+00
9.990015145277434394e-01 -4.467632450498684737e-02 0.000000000000000000e+00 -6.138636599999999888e+00 4.467632450498684737e-02 9.990015145277434394e-01 0.000000000000000000e+00 -3.924043699999999912e+00 0.000000000000000000e+00 0.000000000000000000e+00 1.000000000000000000e+00 0.000000000000000000e+00
9.808914104908719178e-01 -1.945560094811458474e-01 0.000000000000000000e+00 -6.170937999999999590e+00 1.945560094811458474e-01 9.808914104908719178e-01 0.000000000000000000e+00 -3.923058499999999782e+00 0.000000000000000000e+00 0.000000000000000000e+00 1.000000000000000000e+00 0.000000000000000000e+00
9.546725503444921657e-01 -2.976580615719035539e-01 0.000000000000000000e+00 -5.983001699999999978e+00 2.976580615719035539e-01 9.546725503444921657e-01 0.000000000000000000e+00 -4.369673299999999649e+00 0.000000000000000000e+00 0.000000000000000000e+00 1.000000000000000000e+00 0.000000000000000000e+00
8.832079857009302870e-01 -4.689815070918099127e-01 0.000000000000000000e+00 -5.649716999999999878e+00 4.689815070918099127e-01 8.832079857009302870e-01 0.000000000000000000e+00 -4.628767999999999994e+00 0.000000000000000000e+00 0.000000000000000000e+00 1.000000000000000000e+00 0.000000000000000000e+00
7.604009953893249296e-01 -6.494538676541419253e-01 0.000000000000000000e+00 -5.251444300000000176e+00 6.494538676541419253e-01 7.604009953893249296e-01 0.000000000000000000e+00 -4.904554000000000080e+00 0.000000000000000000e+00 0.000000000000000000e+00 1.000000000000000000e+00 0.000000000000000000e+00
5.828902071634380899e-01 -8.125509254151177529e-01 0.000000000000000000e+00 -4.870346999999999760e+00 8.125509254151177529e-01 5.828902071634380899e-01 0.000000000000000000e+00 -5.249958499999999972e+00 0.000000000000000000e+00 0.000000000000000000e+00 1.000000000000000000e+00 0.000000000000000000e+00
4.192624134324242080e-01 -9.078650938783906499e-01 0.000000000000000000e+00 -4.497193300000000171e+00 9.078650938783906499e-01 4.192624134324242080e-01 0.000000000000000000e+00 -5.270305999999999713e+00 0.000000000000000000e+00 0.000000000000000000e+00 1.000000000000000000e+00 0.000000000000000000e+00
2.669434856519890542e-01 -9.637121849743139901e-01 0.000000000000000000e+00 -4.118455400000000211e+00 9.637121849743139901e-01 2.669434856519890542e-01 0.000000000000000000e+00 -5.334895600000000293e+00 0.000000000000000000e+00 0.000000000000000000e+00 1.000000000000000000e+00 0.000000000000000000e+00
1.860025410792942938e-02 -9.998270003091137559e-01 0.000000000000000000e+00 -3.760422999999999849e+00 9.998270003091137559e-01 1.860025410792942938e-02 0.000000000000000000e+00 -5.381936999999999749e+00 0.000000000000000000e+00 0.000000000000000000e+00 1.000000000000000000e+00 0.000000000000000000e+00
-2.366768323061957668e-01 -9.715884298660132368e-01 0.000000000000000000e+00 -3.250150699999999837e+00 9.715884298660132368e-01 -2.366768323061957668e-01 0.000000000000000000e+00 -5.236544000000000310e+00 0.000000000000000000e+00 0.000000000000000000e+00 1.000000000000000000e+00 0.000000000000000000e+00
-3.934652727965698982e-01 -9.193394797913994054e-01 0.000000000000000000e+00 -2.863427199999999839e+00 9.193394797913994054e-01 -3.934652727965698982e-01 0.000000000000000000e+00 -5.169006300000000387e+00 0.000000000000000000e+00 0.000000000000000000e+00 1.000000000000000000e+00 0.000000000000000000e+00
5.267390766919258782e-01 8.500270260913692644e-01 0.000000000000000000e+00 -2.402789999999999981e+00 -8.500270260913692644e-01 5.267390766919258782e-01 0.000000000000000000e+00 -4.937949999999999839e+00 0.000000000000000000e+00 0.000000000000000000e+00 1.000000000000000000e+00 0.000000000000000000e+00
5.986218459284696758e-01 8.010317631512444692e-01 0.000000000000000000e+00 -2.100654800000000044e+00 -8.010317631512444692e-01 5.986218459284696758e-01 0.000000000000000000e+00 -4.663149999999999906e+00 0.000000000000000000e+00 0.000000000000000000e+00 1.000000000000000000e+00 0.000000000000000000e+00
6.750178731352870498e-01 7.378013763526830582e-01 0.000000000000000000e+00 -1.739149999999999974e+00 -7.378013763526830582e-01 6.750178731352870498e-01 0.000000000000000000e+00 -4.346776000000000195e+00 0.000000000000000000e+00 0.000000000000000000e+00 1.000000000000000000e+00 0.000000000000000000e+00
7.985691570362956071e-01 6.019030664736143565e-01 0.000000000000000000e+00 -1.314420200000000039e+00 -6.019030664736143565e-01 7.985691570362956071e-01 0.000000000000000000e+00 -3.882803700000000191e+00 0.000000000000000000e+00 0.000000000000000000e+00 1.000000000000000000e+00 0.000000000000000000e+00
9.362965085985801572e-01 3.512105465189063747e-01 0.000000000000000000e+00 -1.229301600000000105e+00 -3.512105465189063747e-01 9.362965085985801572e-01 0.000000000000000000e+00 -3.607252400000000137e+00 0.000000000000000000e+00 0.000000000000000000e+00 1.000000000000000000e+00 0.000000000000000000e+00
9.752485663897514367e-01 2.211113605284329153e-01 0.000000000000000000e+00 -1.127201300000000073e+00 -2.211113605284329153e-01 9.752485663897514367e-01 0.000000000000000000e+00 -3.236619199999999807e+00 0.000000000000000000e+00 0.000000000000000000e+00 1.000000000000000000e+00 0.000000000000000000e+00
9.985923858943395182e-01 5.304004933868906868e-02 0.000000000000000000e+00 -1.179016099999999900e+00 -5.304004933868906868e-02 9.985923858943395182e-01 0.000000000000000000e+00 -2.642678500000000152e+00 0.000000000000000000e+00 0.000000000000000000e+00 1.000000000000000000e+00 0.000000000000000000e+00
9.997130797732401986e-01 -2.395324884651630834e-02 0.000000000000000000e+00 -1.125078599999999929e+00 2.395324884651630834e-02 9.997130797732401986e-01 0.000000000000000000e+00 -2.023264600000000080e+00 0.000000000000000000e+00 0.000000000000000000e+00 1.000000000000000000e+00 0.000000000000000000e+00
9.918597100367863018e-01 -1.273354452057332553e-01 0.000000000000000000e+00 -1.060348300000000021e+00 1.273354452057332553e-01 9.918597100367863018e-01 0.000000000000000000e+00 -1.757319499999999923e+00 0.000000000000000000e+00 0.000000000000000000e+00 1.000000000000000000e+00 0.000000000000000000e+00
-9.691749007209935485e-01 2.463737238677298214e-01 0.000000000000000000e+00 -1.308142799999999939e+00 -2.463737238677298214e-01 -9.691749007209935485e-01 0.000000000000000000e+00 -1.247735100000000097e+00 0.000000000000000000e+00 0.000000000000000000e+00 1.000000000000000000e+00 0.000000000000000000e+00
